              coef                        
      percentile_5      mean percentile_95
State                                     
AK       -0.015450 -0.015450     -0.015450
AL       -0.025040 -0.013607      0.003433
AR       -0.020725 -0.005071      0.009290
AZ       -0.033620 -0.010351      0.020637
CA       -0.015999  0.020009      0.031448
CO       -0.028002 -0.008564      0.006693
CT       -0.068052 -0.031000      0.030077
DC        0.002397  0.002397      0.002397
DE       -0.024956 -0.004725      0.014699
FL       -0.021767 -0.001171      0.018759
GA       -0.036252 -0.002719      0.023511
IA       -0.013159  0.007579      0.041599
ID       -0.036372  0.000315      0.055201
IL       -0.040734 -0.016678      0.019146
IN       -0.048648 -0.009035      0.018015
KS       -0.017678  0.009678      0.039863
KY       -0.056447 -0.017437      0.014921
LA       -0.030945 -0.004627      0.021660
MA       -0.043249 -0.022325      0.006737
MD       -0.016726  0.014229      0.075019
ME       -0.073263 -0.040696     -0.006595
MI       -0.016509 -0.000746      0.016097
MN       -0.100599 -0.016305      0.064496
MO       -0.023265 -0.000005      0.027762
MS       -0.034425 -0.015188      0.000028
MT       -0.055359  0.019320      0.140180
NC       -0.011560  0.003827      0.028958
ND        0.032853  0.092468      0.127083
NE       -0.031049 -0.013440     -0.000430
NH       -0.024713  0.197093      0.783544
NJ       -0.026785 -0.007880      0.009281
NM       -0.012000  0.000317      0.023485
NV       -0.014919 -0.003936      0.003816
NY       -0.064075 -0.011753      0.023381
OH       -0.017210  0.003624      0.019158
OK       -0.021817 -0.000580      0.020489
OR       -0.052757  0.112870      0.024729
PA       -0.042042 -0.000053      0.040293
RI       -0.014192  0.018609      0.047848
SC       -0.036681  0.006153      0.029841
SD       -0.018489  0.015516      0.057167
TN       -0.043900 -0.015304      0.008622
TX       -0.017833  0.004996      0.029536
UT       -0.041195  0.000059      0.020320
VA       -0.068992 -0.031900      0.000245
VT       -0.085448  0.007003      0.076538
WA       -0.048860  0.223999      0.061466
WI       -0.087041 -0.022949      0.009107
WV       -0.031789 -0.031789     -0.031789
WY       -0.010401  0.005581      0.012826